Record Nn' Vn' Fn' On'  Nv   Vv  Fv' Ov' No' Vo' Fo'  Q Se   Q +P   V Se   V +P  V FPR
 100  2269   1   0 289   0    0   0   0   3   0   0  99.87  88.71   0.00      -  0.000
 101  1856   0   2 238   0    0   0   0   7   0   0  99.62  88.65      -      -  0.000
 102    97   4 2083 255   0    0   0   0   2   0   1  99.86  89.54   0.00      -  0.000
 103  2084   0   0 311   0    0   0   0   0   0   0 100.00  87.01      -      -  0.000
 104   163   2 2057 358   0    0   0   0   0   0   7  99.69  86.12   0.00      -  0.000
 105  2515  41   5 596   0    0   0   0  11   0   0  99.57  81.12   0.00      -  0.000
 106  1506 493   0 248   0    0   0   0   1  27   0  98.62  88.96   0.00      -  0.000
 107     0  57 2077 770   0    0   0   0   0   2   1  99.86  73.48   0.00      -  0.000
 108  1728  17   2 1099   0    0   0   0  16   0   0  99.09  61.38   0.00      -  0.000
 109  2490  37   2 678   0    0   0   0   2   1   0  99.88  78.86   0.00      -  0.000
 111  2122   1   0 575   0    0   0   0   1   0   0  99.95  78.69   0.00      -  0.000
 112  2508   0   0 428   0    0   0   0  31   0   0  98.78  85.42      -      -  0.000
 113  1794   0   0 240   0    0   0   0   1   0   0  99.94  88.20      -      -  0.000
 114  1831  43   4 292   0    0   0   0   1   0   0  99.95  86.54   0.00      -  0.000
 115  1952   0   0 286   0    0   0   0   1   0   0  99.95  87.22      -      -  0.000
 116  2283 108   0 412   0    0   0   0  20   1   0  99.13  85.30   0.00      -  0.000
 117  1534   0   0 238   0    0   0   0   1   0   0  99.93  86.57      -      -  0.000
 118  2241  15   0 352   0    0   0   0  21   1   0  99.03  86.50   0.00      -  0.000
 119  1543 444   0 378   0    0   0   0   0   0   0 100.00  84.02   0.00      -  0.000
 121  1860   1   0 477   0    0   0   0   2   0   0  99.89  79.60   0.00      -  0.000
 122  2467   0   0 494   0    0   0   0   9   0   0  99.64  83.32      -      -  0.000
 123  1513   0   0 213   0    0   0   0   2   3   0  99.67  87.66   0.00      -  0.000
 124  1567  47   5 406   0    0   0   0   0   0   0 100.00  79.95   0.00      -  0.000
 200  1770 824   1 603   0    0   0   0   3   2   1  99.77  81.14   0.00      -  0.000
 201  1724 198   2 325   0    0   0   0  39   0   0  98.01  85.55   0.00      -  0.000
 202  2113  18   1 337   0    0   0   0   3   1   0  99.81  86.35   0.00      -  0.000
 203  2477 417   2 698   0    0   0   0  54  27   3  97.18  80.58   0.00      -  0.000
 205  2572  62  10 347   0    0   0   0   2   9   1  99.55  88.40   0.00      -  0.000
 207  1644 192   0 540   0    0   0   0   6  18   0  98.71  77.27   0.00      -  0.000
 208  1556 950 367 385   0    0   0   0  32  42   8  97.23  88.18   0.00      -  0.000
 209  2992   1   0 406   0    0   0   0  12   0   0  99.60  88.06   0.00      -  0.000
 210  2432 177  10 498   0    0   0   0  13  18   0  98.83  84.02   0.00      -  0.000
 212  2747   0   0 387   0    0   0   0   1   0   0  99.96  87.65      -      -  0.000
 213  2666 219 362 564   0    0   0   0   3   1   0  99.88  85.20   0.00      -  0.000
 214  1906 251   3 348   0    0   0   0  97   5   0  95.49  86.12   0.00      -  0.000
 215  3191 159   1 547   0    0   0   0   7   5   0  99.64  85.97   0.00      -  0.000
 217   244 158 1802 675   0    0   0   0   0   4   0  99.82  76.55   0.00      -  0.000
 219  2087  64   1 360   0    0   0   0   2   0   0  99.91  85.67   0.00      -  0.000
 220  2040   0   0 304   0    0   0   0   8   0   0  99.61  87.03      -      -  0.000
 221  2031 386   0 416   0    0   0   0   0  10   0  99.59  85.32   0.00      -  0.000
 222  2403   0   0 281   0    0   0   0  80   0   0  96.78  89.53      -      -  0.000
 223  2118 467  14 452   0    0   0   0   0   6   0  99.77  85.19   0.00      -  0.000
 228  1683 361   0 513   0    0   0   0   8   1   0  99.56  79.94   0.00      -  0.000
 230  2254   1   0 398   0    0   0   0   1   0   0  99.96  85.00   0.00      -  0.000
 231  1569   2   0 215   0    0   0   0   0   0   0 100.00  87.96   0.00      -  0.000
 232  1778   0   0 253   0    0   0   0   2   0   0  99.89  87.54      -      -  0.000
 233  2188 822  11 510   0    0   0   0  49   9   0  98.12  85.56   0.00      -  0.000
 234  2741   0   0 384   0    0   0   0   9   3   0  99.56  87.71   0.00      -  0.000
______________________________________________________________________________________
Sum  1578920 119832 150008 441532   0    0   0   0 9084 3180 374
Gross                                                   99.32  80.72   0.00      -  0.000
Average                                                 99.37  81.13   0.00      -  0.000
Total QRS complexes: 1861398  Total VEBs: 123012

Summary of results from 816 records
