Record Nx   Sx   Vx   Fx   Qx  % beats  % N    % S    % V    % F   Total Shutdown
                                missed missed missed missed missed      Time
 100    0    0    0    0    0     0.00   0.00   0.00   0.00      -    0 seconds 1872 29 1 0 0
 101    0    0    0    0    0     0.00   0.00   0.00      -      -    0 seconds 1518 3 0 0 2
 102    0    0    0    0    0     0.00   0.00      -   0.00      -    0 seconds 1 0 3 0 1817
 103    0    0    0    0    0     0.00   0.00   0.00      -      -    0 seconds 1727 2 0 0 0
 104    0    0    0    0    0     0.00   0.00      -   0.00      -    0 seconds 98 0 1 0 1758
 105    0    0    0    0    0     0.00   0.00      -   0.00      -    0 seconds 2121 0 29 0 5
 106    0    0    0    0    0     0.00   0.00      -   0.00      -    0 seconds 1236 0 460 0 0
 107    0    0    0    0    0     0.00      -      -   0.00      -    0 seconds 0 0 57 0 1727
 108    0    0    0    0    0     0.00   0.00   0.00   0.00   0.00    0 seconds 1460 5 13 2 0
 109    0    0    0    0    0     0.00   0.00      -   0.00      -    0 seconds 2067 0 32 0 0
 111    0    0    0    0    0     0.00   0.00      -   0.00      -    0 seconds 1775 0 1 0 0
 112    0    0    0    0    0     0.00   0.00   0.00      -      -    0 seconds 2109 2 0 0 0
 113    0    0    0    0    0     0.00   0.00   0.00      -      -    0 seconds 1501 5 0 0 0
 114    0    0    0    0    0     0.00   0.00   0.00   0.00   0.00    0 seconds 1559 11 30 4 0
 115    0    0    0    0    0     0.00   0.00      -      -      -    0 seconds 1637 0 0 0 0
 116    0    0    0    0    0     0.00   0.00   0.00   0.00      -    0 seconds 1918 1 98 0 0
 117    0    0    0    0    0     0.00   0.00   0.00      -      -    0 seconds 1283 1 0 0 0
 118    0    0    0    0    0     0.00   0.00   0.00   0.00      -    0 seconds 1817 86 13 0 0
 119    0    0    0    0    0     0.00   0.00      -   0.00      -    0 seconds 1297 0 364 0 0
 121    0    0    0    0    0     0.00   0.00   0.00   0.00      -    0 seconds 1558 1 1 0 0
 122    0    0    0    0    0     0.00   0.00      -      -      -    0 seconds 2054 0 0 0 0
 123    0    0    0    0    0     0.00   0.00      -   0.00      -    0 seconds 1266 0 3 0 0
 124    0    0    0    0    0     0.00   0.00   0.00   0.00   0.00    0 seconds 1293 22 47 5 0
 200    0    0    0    0    0     0.00   0.00   0.00   0.00   0.00    0 seconds 1438 28 700 2 0
 201    0    0    0    0    0     0.00   0.00   0.00   0.00   0.00    0 seconds 1185 136 198 2 0
 202    0    0    0    0    0     0.00   0.00   0.00   0.00   0.00    0 seconds 1800 55 15 1 0
 203    0    0    0    0    0     0.00   0.00      -   0.00   0.00    0 seconds 2103 0 373 1 4
 205    0    0    0    0    0     0.00   0.00   0.00   0.00   0.00    0 seconds 2123 2 65 11 0
 207    0    0    0    0    0     0.00   0.00   0.00   0.00      -    0 seconds 1376 107 109 0 0
 208    0    0    0    0    0     0.00   0.00   0.00   0.00   0.00    0 seconds 1308 2 824 301 2
 209    0    0    0    0    0     0.00   0.00   0.00   0.00      -    0 seconds 2146 372 1 0 0
 210    0    0    0    0    0     0.00   0.00   0.00   0.00   0.00    0 seconds 2010 20 165 9 0
 212    0    0    0    0    0     0.00   0.00      -      -      -    0 seconds 2285 0 0 0 0
 213    0    0    0    0    0     0.00   0.00   0.00   0.00   0.00    0 seconds 2209 27 195 269 0
 214    0    0    0    0    0     0.00   0.00      -   0.00   0.00    0 seconds 1664 0 212 1 2
 215    0    0    0    0    0     0.00   0.00   0.00   0.00   0.00    0 seconds 2661 2 131 1 0
 217    0    0    0    0    0     0.00   0.00      -   0.00      -    0 seconds 235 0 140 0 1470
 219    0    0    0    0    0     0.00   0.00   0.00   0.00      -    0 seconds 1715 7 51 0 0
 220    0    0    0    0    0     0.00   0.00   0.00      -      -    0 seconds 1601 93 0 0 0
 221    0    0    0    0    0     0.00   0.00      -   0.00      -    0 seconds 1704 0 316 0 0
 222    0    0    0    0    0     0.00   0.00   0.00      -      -    0 seconds 1695 421 0 0 0
 223    0    0    0    0    0     0.00   0.00   0.00   0.00   0.00    0 seconds 1656 80 455 8 0
 228    0    0    0    0    0     0.00   0.00   0.00   0.00      -    0 seconds 1398 3 302 0 0
 230    0    0    0    0    0     0.00   0.00      -   0.00      -    0 seconds 1858 0 1 0 0
 231    0    0    0    0    0     0.00   0.00      -      -      -    0 seconds 1278 0 0 0 0
 232    0    0    0    0    0     0.00   0.00   0.00      -      -    0 seconds 317 1168 0 0 0
 233    0    0    0    0    0     0.00   0.00   0.00   0.00   0.00    0 seconds 1859 4 692 6 0
 234    0    0    0    0    0     0.00   0.00   0.00   0.00      -    0 seconds 2238 50 3 0 0
