Record Nn' Sn' Vn' Fn' On'  Ns  Ss  Vs  Fs' Os' Nv  Sv   Vv  Fv' Ov' No' So' Vo' Fo'  Q Se   Q +P   V Se   V +P   S Se   S +P RR err
 100  1871  29   1   0 452   0   0   0   0   0   0   0    0   0   0   1   0   0   0  99.95  80.79   0.00      -   0.00      - 335.25
 101  1518   3   0   2 377   0   0   0   0   0   0   0    0   0   0   0   0   0   0 100.00  80.16      -      -   0.00      - 425.48
 102     0   0   3 1817 363   0   0   0   0   0   0   0    0   0   0   1   0   0   0  99.95  83.37   0.00      -      -      - 319.00
 103  1727   2   0   0 487   0   0   0   0   0   0   0    0   0   0   0   0   0   0 100.00  78.02      -      -   0.00      - 396.10
 104    98   0   1 1753 444   0   0   0   0   0   0   0    0   0   0   0   0   0   5  99.73  80.66   0.00      -      -      - 337.97
 105  2105   0  29   5 639   0   0   0   0   0   0   0    0   0   0  16   0   0   0  99.26  77.00   0.00      -      -      - 313.43
 106  1235   0 443   0 353   0   0   0   0   0   0   0    0   0   0   1   0  17   0  98.94  82.62   0.00      -      -      - 415.39
 107     0   0  55 1727 832   0   0   0   0   0   0   0    0   0   0   0   0   2   0  99.89  68.17   0.00      -      -      - 443.90
 108  1448   5  13   2 849   0   0   0   0   0   0   0    0   0   0  12   0   0   0  99.19  63.36   0.00      -   0.00      - 537.76
 109  2067   0  32   0 718   0   0   0   0   0   0   0    0   0   0   0   0   0   0 100.00  74.51   0.00      -      -      - 343.01
 111  1774   0   1   0 534   0   0   0   0   0   0   0    0   0   0   1   0   0   0  99.94  76.87   0.00      -      -      - 388.30
 112  2109   2   0   0 554   0   0   0   0   0   0   0    0   0   0   0   0   0   0 100.00  79.21      -      -   0.00      - 311.17
 113  1500   5   0   0 350   0   0   0   0   0   0   0    0   0   0   1   0   0   0  99.93  81.13      -      -   0.00      - 425.27
 114  1558  11  30   4 382   0   0   0   0   0   0   0    0   0   0   1   0   0   0  99.94  80.76   0.00      -   0.00      - 399.53
 115  1637   0   0   0 382   0   0   0   0   0   0   0    0   0   0   0   0   0   0 100.00  81.08      -      -      -      - 389.16
 116  1897   1  97   0 513   0   0   0   0   0   0   0    0   0   0  21   0   1   0  98.91  79.55   0.00      -   0.00      - 710.34
 117  1283   1   0   0 330   0   0   0   0   0   0   0    0   0   0   0   0   0   0 100.00  79.55      -      -   0.00      - 514.86
 118  1817  86  13   0 511   0   0   0   0   0   0   0    0   0   0   0   0   0   0 100.00  78.95   0.00      -   0.00      - 342.32
 119  1297   0 364   0 453   0   0   0   0   0   0   0    0   0   0   0   0   0   0 100.00  78.57   0.00      -      -      - 455.43
 121  1557   1   1   0 511   0   0   0   0   0   0   0    0   0   0   1   0   0   0  99.94  75.31   0.00      -   0.00      - 459.27
 122  2054   0   0   0 614   0   0   0   0   0   0   0    0   0   0   0   0   0   0 100.00  76.99      -      -      -      - 336.21
 123  1266   0   0   0 301   0   0   0   0   0   0   0    0   0   0   0   0   3   0  99.76  80.79   0.00      -      -      - 506.00
 124  1293  22  47   5 428   0   0   0   0   0   0   0    0   0   0   0   0   0   0 100.00  76.16   0.00      -   0.00      - 523.96
 200  1438  28 697   1 611   0   0   0   0   0   0   0    0   0   0   0   0   3   1  99.82  77.98   0.00      -   0.00      - 319.86
 201  1184 126 198   2 360   0   0   0   0   0   0   0    0   0   0   1  10   0   0  99.28  80.75   0.00      -   0.00      - 482.76
 202  1796  51  15   1 427   0   0   0   0   0   0   0    0   0   0   4   4   0   0  99.57  81.35   0.00      -   0.00      - 382.35
 203  2037   0 324   2 555   0   0   0   0   0   0   0    0   0   0  66   0  49   3  95.24  80.98   0.00      -      -      - 308.99
 205  2121   2  56  10 535   0   0   0   0   0   0   0    0   0   0   2   0   9   1  99.45  80.36   0.00      -   0.00      - 300.45
 207  1375 107 109   0 517   0   0   0   0   0   0   0    0   0   0   1   0   0   0  99.94  75.47   0.00      -   0.00      - 437.26
 208  1300   2 813 301 561   0   0   0   0   0   0   0    0   0   0   8   0  11   2  99.14  81.16   0.00      -   0.00      - 390.37
 209  2146 336   1   0 520   0   0   0   0   0   0   0    0   0   0   0  36   0   0  98.57  82.68   0.00      -   0.00      - 253.35
 210  2008  18 148   9 596   0   0   0   0   0   0   0    0   0   0   2   2  17   0  99.05  78.55   0.00      -   0.00      - 320.12
 212  2285   0   0   0 558   0   0   0   0   0   0   0    0   0   0   0   0   0   0 100.00  80.37      -      -      -      - 279.05
 213  2208  26 193 269 626   0   0   0   0   0   0   0    0   0   0   1   1   2   0  99.85  81.16   0.00      -   0.00      - 233.14
 214  1662   0 211   3 495   0   0   0   0   0   0   0    0   0   0   2   0   1   0  99.84  79.12   0.00      -      -      - 376.29
 215  2654   2 131   1 524   0   0   0   0   0   0   0    0   0   0   7   0   0   0  99.75  84.18   0.00      -   0.00      - 210.52
 217   235   0 138 1470 707   0   0   0   0   0   0   0    0   0   0   0   0   2   0  99.89  72.27   0.00      -      -      - 412.24
 219  1715   7  51   0 439   0   0   0   0   0   0   0    0   0   0   0   0   0   0 100.00  80.15   0.00      -   0.00      - 378.52
 220  1601  91   0   0 413   0   0   0   0   0   0   0    0   0   0   0   2   0   0  99.88  80.38      -      -   0.00      - 384.28
 221  1704   0 309   0 499   0   0   0   0   0   0   0    0   0   0   0   0   7   0  99.65  80.14   0.00      -      -      - 358.54
 222  1685 420   0   0 366   0   0   0   0   0   0   0    0   0   0  10   1   0   0  99.48  85.19      -      -   0.00      - 291.45
 223  1656  80 452   8 539   0   0   0   0   0   0   0    0   0   0   0   0   3   0  99.86  80.29   0.00      -   0.00      - 306.74
 228  1393   3 302   0 551   0   0   0   0   0   0   0    0   0   0   5   0   0   0  99.71  75.50   0.00      -   0.00      - 415.15
 230  1858   0   1   0 511   0   0   0   0   0   0   0    0   0   0   0   0   0   0 100.00  78.44   0.00      -      -      - 364.83
 231  1278   0   0   0 290   0   0   0   0   0   0   0    0   0   0   0   0   0   0 100.00  81.51      -      -      -      - 517.72
 232   317 1168   0   0 352   0   0   0   0   0   0   0    0   0   0   0   0   0   0 100.00  80.84      -      -   0.00      - 524.35
 233  1825   4 690   6 568   0   0   0   0   0   0   0    0   0   0  34   0   2   0  98.59  81.64   0.00      -   0.00      - 262.27
 234  2238  50   2   0 548   0   0   0   0   0   0   0    0   0   0   0   0   1   0  99.96  80.69   0.00      -   0.00      - 277.96
