Record Nn' Vn' Fn' On'  Nv   Vv  Fv' Ov' No' Vo' Fo'  Q Se   Q +P   V Se   V +P  V FPR
 100  1900   1   0 452   0    0   0   0   1   0   0  99.95  80.79   0.00      -  0.000
 101  1521   0   2 377   0    0   0   0   0   0   0 100.00  80.16      -      -  0.000
 102     0   3 1817 363   0    0   0   0   1   0   0  99.95  83.37   0.00      -  0.000
 103  1729   0   0 487   0    0   0   0   0   0   0 100.00  78.02      -      -  0.000
 104    98   1 1753 444   0    0   0   0   0   0   5  99.73  80.66   0.00      -  0.000
 105  2105  29   5 639   0    0   0   0  16   0   0  99.26  77.00   0.00      -  0.000
 106  1235 443   0 353   0    0   0   0   1  17   0  98.94  82.62   0.00      -  0.000
 107     0  55 1727 832   0    0   0   0   0   2   0  99.89  68.17   0.00      -  0.000
 108  1453  13   2 849   0    0   0   0  12   0   0  99.19  63.36   0.00      -  0.000
 109  2067  32   0 718   0    0   0   0   0   0   0 100.00  74.51   0.00      -  0.000
 111  1774   1   0 534   0    0   0   0   1   0   0  99.94  76.87   0.00      -  0.000
 112  2111   0   0 554   0    0   0   0   0   0   0 100.00  79.21      -      -  0.000
 113  1505   0   0 350   0    0   0   0   1   0   0  99.93  81.13      -      -  0.000
 114  1569  30   4 382   0    0   0   0   1   0   0  99.94  80.76   0.00      -  0.000
 115  1637   0   0 382   0    0   0   0   0   0   0 100.00  81.08      -      -  0.000
 116  1898  97   0 513   0    0   0   0  21   1   0  98.91  79.55   0.00      -  0.000
 117  1284   0   0 330   0    0   0   0   0   0   0 100.00  79.55      -      -  0.000
 118  1903  13   0 511   0    0   0   0   0   0   0 100.00  78.95   0.00      -  0.000
 119  1297 364   0 453   0    0   0   0   0   0   0 100.00  78.57   0.00      -  0.000
 121  1558   1   0 511   0    0   0   0   1   0   0  99.94  75.31   0.00      -  0.000
 122  2054   0   0 614   0    0   0   0   0   0   0 100.00  76.99      -      -  0.000
 123  1266   0   0 301   0    0   0   0   0   3   0  99.76  80.79   0.00      -  0.000
 124  1315  47   5 428   0    0   0   0   0   0   0 100.00  76.16   0.00      -  0.000
 200  1466 697   1 611   0    0   0   0   0   3   1  99.82  77.98   0.00      -  0.000
 201  1310 198   2 360   0    0   0   0  11   0   0  99.28  80.75   0.00      -  0.000
 202  1847  15   1 427   0    0   0   0   8   0   0  99.57  81.35   0.00      -  0.000
 203  2037 324   2 555   0    0   0   0  66  49   3  95.24  80.98   0.00      -  0.000
 205  2123  56  10 535   0    0   0   0   2   9   1  99.45  80.36   0.00      -  0.000
 207  1482 109   0 517   0    0   0   0   1   0   0  99.94  75.47   0.00      -  0.000
 208  1302 813 301 561   0    0   0   0   8  11   2  99.14  81.16   0.00      -  0.000
 209  2482   1   0 520   0    0   0   0  36   0   0  98.57  82.68   0.00      -  0.000
 210  2026 148   9 596   0    0   0   0   4  17   0  99.05  78.55   0.00      -  0.000
 212  2285   0   0 558   0    0   0   0   0   0   0 100.00  80.37      -      -  0.000
 213  2234 193 269 626   0    0   0   0   2   2   0  99.85  81.16   0.00      -  0.000
 214  1662 211   3 495   0    0   0   0   2   1   0  99.84  79.12   0.00      -  0.000
 215  2656 131   1 524   0    0   0   0   7   0   0  99.75  84.18   0.00      -  0.000
 217   235 138 1470 707   0    0   0   0   0   2   0  99.89  72.27   0.00      -  0.000
 219  1722  51   0 439   0    0   0   0   0   0   0 100.00  80.15   0.00      -  0.000
 220  1692   0   0 413   0    0   0   0   2   0   0  99.88  80.38      -      -  0.000
 221  1704 309   0 499   0    0   0   0   0   7   0  99.65  80.14   0.00      -  0.000
 222  2105   0   0 366   0    0   0   0  11   0   0  99.48  85.19      -      -  0.000
 223  1736 452   8 539   0    0   0   0   0   3   0  99.86  80.29   0.00      -  0.000
 228  1396 302   0 551   0    0   0   0   5   0   0  99.71  75.50   0.00      -  0.000
 230  1858   1   0 511   0    0   0   0   0   0   0 100.00  78.44   0.00      -  0.000
 231  1278   0   0 290   0    0   0   0   0   0   0 100.00  81.51      -      -  0.000
 232  1485   0   0 352   0    0   0   0   0   0   0 100.00  80.84      -      -  0.000
 233  1829 690   6 568   0    0   0   0  34   2   0  98.59  81.64   0.00      -  0.000
 234  2288   2   0 548   0    0   0   0   0   1   0  99.96  80.69   0.00      -  0.000
