Record Nn' Vn' Fn' On'  Nv   Vv  Fv' Ov' No' Vo' Fo'  Q Se   Q +P   V Se   V +P  V FPR
 100  2270   1   0 529   0    0   0   0   2   0   0  99.91  81.11   0.00      -  0.000
 101  1858   0   2 482   0    0   0   0   5   0   0  99.73  79.42      -      -  0.000
 102    98   4 2083 479   0    0   0   0   1   0   1  99.91  82.02   0.00      -  0.000
 103  2084   0   0 582   0    0   0   0   0   0   0 100.00  78.17      -      -  0.000
 104   163   2 2055 573   0    0   0   0   0   0   9  99.60  79.48   0.00      -  0.000
 105  2510  41   5 759   0    0   0   0  16   0   0  99.38  77.10   0.00      -  0.000
 106  1506 502   0 420   0    0   0   0   1  18   0  99.06  82.70   0.00      -  0.000
 107     0  57 2077 1001   0    0   0   0   0   2   1  99.86  68.07   0.00      -  0.000
 108  1726  17   2 1068   0    0   0   0  18   0   0  98.98  62.03   0.00      -  0.000
 109  2491  38   2 861   0    0   0   0   1   0   0  99.96  74.62   0.00      -  0.000
 111  2121   1   0 630   0    0   0   0   2   0   0  99.91  77.11   0.00      -  0.000
 112  2514   0   0 656   0    0   0   0  25   0   0  99.02  79.31      -      -  0.000
 113  1793   0   0 426   0    0   0   0   2   0   0  99.89  80.80      -      -  0.000
 114  1831  43   4 463   0    0   0   0   1   0   0  99.95  80.22   0.00      -  0.000
 115  1952   0   0 468   0    0   0   0   1   0   0  99.95  80.66      -      -  0.000
 116  2281 108   0 615   0    0   0   0  22   1   0  99.05  79.53   0.00      -  0.000
 117  1535   0   0 386   0    0   0   0   0   0   0 100.00  79.91      -      -  0.000
 118  2244  16   0 593   0    0   0   0  18   0   0  99.21  79.21   0.00      -  0.000
 119  1543 444   0 541   0    0   0   0   0   0   0 100.00  78.60   0.00      -  0.000
 121  1856   1   0 596   0    0   0   0   6   0   0  99.68  75.70   0.00      -  0.000
 122  2457   0   0 740   0    0   0   0  19   0   0  99.23  76.85      -      -  0.000
 123  1513   0   0 362   0    0   0   0   2   3   0  99.67  80.69   0.00      -  0.000
 124  1567  47   5 511   0    0   0   0   0   0   0 100.00  76.01   0.00      -  0.000
 200  1773 823   1 736   0    0   0   0   0   3   1  99.85  77.92   0.00      -  0.000
 201  1744 198   2 448   0    0   0   0  19   0   0  99.03  81.27   0.00      -  0.000
 202  2108  19   1 503   0    0   0   0   8   0   0  99.63  80.88   0.00      -  0.000
 203  2443 383   2 650   0    0   0   0  88  61   3  94.90  81.31   0.00      -  0.000
 205  2572  60  10 664   0    0   0   0   2  11   1  99.47  79.92   0.00      -  0.000
 207  1615 179   0 592   0    0   0   0  35  31   0  96.45  75.19   0.00      -  0.000
 208  1557 954 367 657   0    0   0   0  31  38   8  97.39  81.41   0.00      -  0.000
 209  2968   1   0 626   0    0   0   0  36   0   0  98.80  82.59   0.00      -  0.000
 210  2435 174   9 706   0    0   0   0  10  21   1  98.79  78.76   0.00      -  0.000
 212  2748   0   0 686   0    0   0   0   0   0   0 100.00  80.02      -      -  0.000
 213  2666 218 362 740   0    0   0   0   3   2   0  99.85  81.44   0.00      -  0.000
 214  1984 252   3 582   0    0   0   0  19   4   0  98.98  79.37   0.00      -  0.000
 215  3175 163   1 620   0    0   0   0  23   1   0  99.29  84.34   0.00      -  0.000
 217   244 160 1802 847   0    0   0   0   0   2   0  99.91  72.26   0.00      -  0.000
 219  2087  64   1 529   0    0   0   0   2   0   0  99.91  80.27   0.00      -  0.000
 220  2040   0   0 495   0    0   0   0   8   0   0  99.61  80.47      -      -  0.000
 221  2031 389   0 602   0    0   0   0   0   7   0  99.71  80.08   0.00      -  0.000
 222  2409   0   0 433   0    0   0   0  74   0   0  97.02  84.76      -      -  0.000
 223  2118 470  14 646   0    0   0   0   0   3   0  99.88  80.11   0.00      -  0.000
 228  1652 362   0 668   0    0   0   0  39   0   0  98.10  75.09   0.00      -  0.000
 230  2254   1   0 605   0    0   0   0   1   0   0  99.96  78.85   0.00      -  0.000
 231  1569   2   0 346   0    0   0   0   0   0   0 100.00  81.95   0.00      -  0.000
 232  1779   0   0 433   0    0   0   0   1   0   0  99.94  80.42      -      -  0.000
 233  2183 827  11 658   0    0   0   0  54   4   0  98.12  82.11   0.00      -  0.000
 234  2732   2   0 659   0    0   0   0  18   1   0  99.31  80.58   0.00      -  0.000
 100  2270   1   0 529   0    0   0   0   2   0   0  99.91  81.11   0.00      -  0.000
 101  1858   0   2 482   0    0   0   0   5   0   0  99.73  79.42      -      -  0.000
 102    98   4 2083 479   0    0   0   0   1   0   1  99.91  82.02   0.00      -  0.000
 103  2084   0   0 582   0    0   0   0   0   0   0 100.00  78.17      -      -  0.000
 104   163   2 2055 573   0    0   0   0   0   0   9  99.60  79.48   0.00      -  0.000
 105  2510  41   5 759   0    0   0   0  16   0   0  99.38  77.10   0.00      -  0.000
 106  1506 502   0 420   0    0   0   0   1  18   0  99.06  82.70   0.00      -  0.000
 107     0  57 2077 1001   0    0   0   0   0   2   1  99.86  68.07   0.00      -  0.000
 108  1726  17   2 1068   0    0   0   0  18   0   0  98.98  62.03   0.00      -  0.000
 109  2491  38   2 861   0    0   0   0   1   0   0  99.96  74.62   0.00      -  0.000
 111  2121   1   0 630   0    0   0   0   2   0   0  99.91  77.11   0.00      -  0.000
 112  2514   0   0 656   0    0   0   0  25   0   0  99.02  79.31      -      -  0.000
 113  1793   0   0 426   0    0   0   0   2   0   0  99.89  80.80      -      -  0.000
 114  1831  43   4 463   0    0   0   0   1   0   0  99.95  80.22   0.00      -  0.000
 115  1952   0   0 468   0    0   0   0   1   0   0  99.95  80.66      -      -  0.000
 116  2281 108   0 615   0    0   0   0  22   1   0  99.05  79.53   0.00      -  0.000
 117  1535   0   0 386   0    0   0   0   0   0   0 100.00  79.91      -      -  0.000
 118  2244  16   0 593   0    0   0   0  18   0   0  99.21  79.21   0.00      -  0.000
 119  1543 444   0 541   0    0   0   0   0   0   0 100.00  78.60   0.00      -  0.000
 121  1856   1   0 596   0    0   0   0   6   0   0  99.68  75.70   0.00      -  0.000
 122  2457   0   0 740   0    0   0   0  19   0   0  99.23  76.85      -      -  0.000
 123  1513   0   0 362   0    0   0   0   2   3   0  99.67  80.69   0.00      -  0.000
 124  1567  47   5 511   0    0   0   0   0   0   0 100.00  76.01   0.00      -  0.000
 200  1773 823   1 736   0    0   0   0   0   3   1  99.85  77.92   0.00      -  0.000
 201  1744 198   2 448   0    0   0   0  19   0   0  99.03  81.27   0.00      -  0.000
 202  2108  19   1 503   0    0   0   0   8   0   0  99.63  80.88   0.00      -  0.000
 203  2443 383   2 650   0    0   0   0  88  61   3  94.90  81.31   0.00      -  0.000
 205  2572  60  10 664   0    0   0   0   2  11   1  99.47  79.92   0.00      -  0.000
 207  1615 179   0 592   0    0   0   0  35  31   0  96.45  75.19   0.00      -  0.000
 208  1557 954 367 657   0    0   0   0  31  38   8  97.39  81.41   0.00      -  0.000
 209  2968   1   0 626   0    0   0   0  36   0   0  98.80  82.59   0.00      -  0.000
 210  2435 174   9 706   0    0   0   0  10  21   1  98.79  78.76   0.00      -  0.000
 212  2748   0   0 686   0    0   0   0   0   0   0 100.00  80.02      -      -  0.000
 213  2666 218 362 740   0    0   0   0   3   2   0  99.85  81.44   0.00      -  0.000
 214  1984 252   3 582   0    0   0   0  19   4   0  98.98  79.37   0.00      -  0.000
 215  3175 163   1 620   0    0   0   0  23   1   0  99.29  84.34   0.00      -  0.000
 217   244 160 1802 847   0    0   0   0   0   2   0  99.91  72.26   0.00      -  0.000
 219  2087  64   1 529   0    0   0   0   2   0   0  99.91  80.27   0.00      -  0.000
 220  2040   0   0 495   0    0   0   0   8   0   0  99.61  80.47      -      -  0.000
 221  2031 389   0 602   0    0   0   0   0   7   0  99.71  80.08   0.00      -  0.000
 222  2409   0   0 433   0    0   0   0  74   0   0  97.02  84.76      -      -  0.000
 223  2118 470  14 646   0    0   0   0   0   3   0  99.88  80.11   0.00      -  0.000
 228  1652 362   0 668   0    0   0   0  39   0   0  98.10  75.09   0.00      -  0.000
 230  2254   1   0 605   0    0   0   0   1   0   0  99.96  78.85   0.00      -  0.000
 231  1569   2   0 346   0    0   0   0   0   0   0 100.00  81.95   0.00      -  0.000
 232  1779   0   0 433   0    0   0   0   1   0   0  99.94  80.42      -      -  0.000
 233  2183 827  11 658   0    0   0   0  54   4   0  98.12  82.11   0.00      -  0.000
 234  2732   2   0 659   0    0   0   0  18   1   0  99.31  80.58   0.00      -  0.000
 100  2270   1   0 395   0    0   0   0   2   0   0  99.91  85.18   0.00      -  0.000
 101  1858   0   2 348   0    0   0   0   5   0   0  99.73  84.24      -      -  0.000
 102    98   4 2083 346   0    0   0   0   1   0   1  99.91  86.33   0.00      -  0.000
 103  2084   0   0 452   0    0   0   0   0   0   0 100.00  82.18      -      -  0.000
 104   163   2 2054 452   0    0   0   0   0   0  10  99.55  83.08   0.00      -  0.000
 105  2514  41   5 605   0    0   0   0  12   0   0  99.53  80.88   0.00      -  0.000
 106  1506 489   0 328   0    0   0   0   1  31   0  98.42  85.88   0.00      -  0.000
 107     0  58 2077 854   0    0   0   0   0   1   1  99.91  71.43   0.00      -  0.000
 108  1727  17   2 1005   0    0   0   0  17   0   0  99.04  63.47   0.00      -  0.000
 109  2491  38   2 754   0    0   0   0   1   0   0  99.96  77.05   0.00      -  0.000
 111  2122   1   0 530   0    0   0   0   1   0   0  99.95  80.02   0.00      -  0.000
 112  2510   0   0 492   0    0   0   0  29   0   0  98.86  83.61      -      -  0.000
 113  1794   0   0 310   0    0   0   0   1   0   0  99.94  85.27      -      -  0.000
 114  1831  43   4 325   0    0   0   0   1   0   0  99.95  85.25   0.00      -  0.000
 115  1952   0   0 341   0    0   0   0   1   0   0  99.95  85.13      -      -  0.000
 116  2282 108   0 463   0    0   0   0  21   1   0  99.09  83.77   0.00      -  0.000
 117  1535   0   0 290   0    0   0   0   0   0   0 100.00  84.11      -      -  0.000
 118  2244  16   0 426   0    0   0   0  18   0   0  99.21  84.14   0.00      -  0.000
 119  1543 444   0 439   0    0   0   0   0   0   0 100.00  81.90   0.00      -  0.000
 121  1856   1   0 483   0    0   0   0   6   0   0  99.68  79.36   0.00      -  0.000
 122  2472   0   0 583   0    0   0   0   4   0   0  99.84  80.92      -      -  0.000
 123  1513   0   0 290   0    0   0   0   2   3   0  99.67  83.92   0.00      -  0.000
 124  1567  47   5 408   0    0   0   0   0   0   0 100.00  79.87   0.00      -  0.000
 200  1773 822   1 617   0    0   0   0   0   4   1  99.81  80.80   0.00      -  0.000
 201  1706 198   2 338   0    0   0   0  57   0   0  97.10  84.94   0.00      -  0.000
 202  2108  18   1 399   0    0   0   0   8   1   0  99.58  84.20   0.00      -  0.000
 203  2444 385   2 565   0    0   0   0  87  59   3  95.00  83.36   0.00      -  0.000
 205  2572  58  10 508   0    0   0   0   2  13   1  99.40  83.86   0.00      -  0.000
 207  1639 184   0 529   0    0   0   0  11  26   0  98.01  77.51   0.00      -  0.000
 208  1554 948 366 511   0    0   0   0  34  44   9  97.06  84.88   0.00      -  0.000
 209  2969   1   0 490   0    0   0   0  35   0   0  98.84  85.84   0.00      -  0.000
 210  2434 171   9 564   0    0   0   0  11  24   1  98.64  82.25   0.00      -  0.000
 212  2748   0   0 491   0    0   0   0   0   0   0 100.00  84.84      -      -  0.000
 213  2665 218 362 642   0    0   0   0   4   2   0  99.82  83.48   0.00      -  0.000
 214  1985 251   3 491   0    0   0   0  18   5   0  98.98  82.01   0.00      -  0.000
 215  3178 161   1 542   0    0   0   0  20   3   0  99.32  86.04   0.00      -  0.000
 217   244 160 1802 746   0    0   0   0   0   2   0  99.91  74.73   0.00      -  0.000
 219  2087  64   1 411   0    0   0   0   2   0   0  99.91  83.96   0.00      -  0.000
 220  2041   0   0 363   0    0   0   0   7   0   0  99.66  84.90      -      -  0.000
 221  2031 385   0 440   0    0   0   0   0  11   0  99.55  84.59   0.00      -  0.000
 222  2400   0   0 316   0    0   0   0  83   0   0  96.66  88.37      -      -  0.000
 223  2118 469  14 490   0    0   0   0   0   4   0  99.85  84.15   0.00      -  0.000
 228  1653 362   0 549   0    0   0   0  38   0   0  98.15  78.59   0.00      -  0.000
 230  2254   1   0 470   0    0   0   0   1   0   0  99.96  82.75   0.00      -  0.000
 231  1569   2   0 250   0    0   0   0   0   0   0 100.00  86.27   0.00      -  0.000
 232  1779   0   0 318   0    0   0   0   1   0   0  99.94  84.84      -      -  0.000
 233  2181 824  11 516   0    0   0   0  56   7   0  97.95  85.39   0.00      -  0.000
 234  2732   0   0 500   0    0   0   0  18   3   0  99.24  84.53   0.00      -  0.000
 100  2269   1   0 236   0    0   0   0   3   0   0  99.87  90.58   0.00      -  0.000
 101  1856   0   2 244   0    0   0   0   7   0   0  99.62  88.39      -      -  0.000
 102    97   4 2083 214   0    0   0   0   2   0   1  99.86  91.08   0.00      -  0.000
 103  2084   0   0 287   0    0   0   0   0   0   0 100.00  87.90      -      -  0.000
 104   163   2 2054 295   0    0   0   0   0   0  10  99.55  88.27   0.00      -  0.000
 105  2514  41   5 516   0    0   0   0  12   0   0  99.53  83.22   0.00      -  0.000
 106  1506 493   0 245   0    0   0   0   1  27   0  98.62  89.08   0.00      -  0.000
 107     0  57 2077 678   0    0   0   0   0   2   1  99.86  75.89   0.00      -  0.000
 108  1722  17   2 896   0    0   0   0  22   0   0  98.75  66.02   0.00      -  0.000
 109  2491  36   2 613   0    0   0   0   1   2   0  99.88  80.49   0.00      -  0.000
 111  2122   1   0 463   0    0   0   0   1   0   0  99.95  82.10   0.00      -  0.000
 112  2508   0   0 367   0    0   0   0  31   0   0  98.78  87.23      -      -  0.000
 113  1794   0   0 200   0    0   0   0   1   0   0  99.94  89.97      -      -  0.000
 114  1830  43   4 238   0    0   0   0   2   0   0  99.89  88.75   0.00      -  0.000
 115  1949   0   0 253   0    0   0   0   4   0   0  99.80  88.51      -      -  0.000
 116  2283 108   0 334   0    0   0   0  20   1   0  99.13  87.74   0.00      -  0.000
 117  1535   0   0 223   0    0   0   0   0   0   0 100.00  87.32      -      -  0.000
 118  2241  15   0 295   0    0   0   0  21   1   0  99.03  88.44   0.00      -  0.000
 119  1543 444   0 320   0    0   0   0   0   0   0 100.00  86.13   0.00      -  0.000
 121  1856   1   0 389   0    0   0   0   6   0   0  99.68  82.68   0.00      -  0.000
 122  2468   0   0 442   0    0   0   0   8   0   0  99.68  84.81      -      -  0.000
 123  1513   0   0 204   0    0   0   0   2   3   0  99.67  88.12   0.00      -  0.000
 124  1567  47   5 327   0    0   0   0   0   0   0 100.00  83.20   0.00      -  0.000
 200  1773 823   1 491   0    0   0   0   0   3   1  99.85  84.10   0.00      -  0.000
 201  1712 198   2 276   0    0   0   0  51   0   0  97.40  87.39   0.00      -  0.000
 202  2110  18   1 286   0    0   0   0   6   1   0  99.67  88.16   0.00      -  0.000
 203  2421 391   2 514   0    0   0   0 110  53   3  94.43  84.56   0.00      -  0.000
 205  2572  58  10 335   0    0   0   0   2  13   1  99.40  88.74   0.00      -  0.000
 207  1639 185   0 462   0    0   0   0  11  25   0  98.06  79.79   0.00      -  0.000
 208  1555 950 367 303   0    0   0   0  33  42   8  97.19  90.46   0.00      -  0.000
 209  2970   1   0 327   0    0   0   0  34   0   0  98.87  90.08   0.00      -  0.000
 210  2431 171  10 440   0    0   0   0  14  24   0  98.57  85.58   0.00      -  0.000
 212  2747   0   0 307   0    0   0   0   1   0   0  99.96  89.95      -      -  0.000
 213  2665 218 362 484   0    0   0   0   4   2   0  99.82  87.02   0.00      -  0.000
 214  1904 252   3 345   0    0   0   0  99   4   0  95.45  86.22   0.00      -  0.000
 215  3186 161   1 411   0    0   0   0  12   3   0  99.55  89.07   0.00      -  0.000
 217   244 158 1802 582   0    0   0   0   0   4   0  99.82  79.11   0.00      -  0.000
 219  2087  64   1 281   0    0   0   0   2   0   0  99.91  88.45   0.00      -  0.000
 220  2040   0   0 249   0    0   0   0   8   0   0  99.61  89.12      -      -  0.000
 221  2031 383   0 334   0    0   0   0   0  13   0  99.46  87.85   0.00      -  0.000
 222  2393   0   0 205   0    0   0   0  90   0   0  96.38  92.11      -      -  0.000
 223  2118 467  14 373   0    0   0   0   0   6   0  99.77  87.45   0.00      -  0.000
 228  1652 362   0 436   0    0   0   0  39   0   0  98.10  82.20   0.00      -  0.000
 230  2254   1   0 351   0    0   0   0   1   0   0  99.96  86.53   0.00      -  0.000
 231  1568   2   0 167   0    0   0   0   1   0   0  99.94  90.39   0.00      -  0.000
 232  1779   0   0 199   0    0   0   0   1   0   0  99.94  89.94      -      -  0.000
 233  2139 820  11 414   0    0   0   0  98  11   0  96.46  87.77   0.00      -  0.000
 234  2740   0   0 355   0    0   0   0  10   3   0  99.53  88.53   0.00      -  0.000
 100  2269   1   0 418   0    0   0   0   3   0   0  99.87  84.45   0.00      -  0.000
 101  1856   0   2 331   0    0   0   0   7   0   0  99.62  84.88      -      -  0.000
 102    97   4 2084 335   0    0   0   0   2   0   0  99.91  86.71   0.00      -  0.000
 103  2084   0   0 394   0    0   0   0   0   0   0 100.00  84.10      -      -  0.000
 104   163   2 2060 528   0    0   0   0   0   0   4  99.82  80.82   0.00      -  0.000
 105  2522  41   5 881   0    0   0   0   4   0   0  99.84  74.46   0.00      -  0.000
 106  1506 492   0 398   0    0   0   0   1  28   0  98.57  83.39   0.00      -  0.000
 107     0  57 2077 1102   0    0   0   0   0   2   1  99.86  65.95   0.00      -  0.000
 108  1740  17   2 1743   0    0   0   0   4   0   0  99.77  50.23   0.00      -  0.000
 109  2491  37   2 947   0    0   0   0   1   1   0  99.92  72.76   0.00      -  0.000
 111  2122   1   0 780   0    0   0   0   1   0   0  99.95  73.13   0.00      -  0.000
 112  2539   0   0 608   0    0   0   0   0   0   0 100.00  80.68      -      -  0.000
 113  1794   0   0 333   0    0   0   0   1   0   0  99.94  84.34      -      -  0.000
 114  1832  43   4 413   0    0   0   0   0   0   0 100.00  81.98   0.00      -  0.000
 115  1952   0   0 386   0    0   0   0   1   0   0  99.95  83.49      -      -  0.000
 116  2283 108   0 540   0    0   0   0  20   1   0  99.13  81.58   0.00      -  0.000
 117  1534   0   0 360   0    0   0   0   1   0   0  99.93  80.99      -      -  0.000
 118  2241  15   0 519   0    0   0   0  21   1   0  99.03  81.30   0.00      -  0.000
 119  1543 444   0 504   0    0   0   0   0   0   0 100.00  79.77   0.00      -  0.000
 121  1861   1   0 694   0    0   0   0   1   0   0  99.95  72.85   0.00      -  0.000
 122  2468   0   0 729   0    0   0   0   8   0   0  99.68  77.20      -      -  0.000
 123  1513   0   0 302   0    0   0   0   2   3   0  99.67  83.36   0.00      -  0.000
 124  1567  47   5 520   0    0   0   0   0   0   0 100.00  75.69   0.00      -  0.000
 200  1771 826   1 929   0    0   0   0   2   0   1  99.88  73.66   0.00      -  0.000
 201  1728 198   2 446   0    0   0   0  35   0   0  98.22  81.21   0.00      -  0.000
 202  2116  18   1 533   0    0   0   0   0   1   0  99.95  80.02   0.00      -  0.000
 203  2520 440   2 1274   0    0   0   0  11   4   3  99.40  69.92   0.00      -  0.000
 205  2572  70  10 504   0    0   0   0   2   1   1  99.85  84.03   0.00      -  0.000
 207  1647 192   0 854   0    0   0   0   3  18   0  98.87  68.29   0.00      -  0.000
 208  1556 954 367 589   0    0   0   0  32  38   8  97.36  83.01   0.00      -  0.000
 209  3004   1   0 590   0    0   0   0   0   0   0 100.00  83.59   0.00      -  0.000
 210  2435 188  10 772   0    0   0   0  10   7   0  99.36  77.33   0.00      -  0.000
 212  2747   0   0 550   0    0   0   0   1   0   0  99.96  83.32      -      -  0.000
 213  2666 219 362 771   0    0   0   0   3   1   0  99.88  80.81   0.00      -  0.000
 214  1909 252   3 590   0    0   0   0  94   4   0  95.67  78.58   0.00      -  0.000
 215  3198 164   1 789   0    0   0   0   0   0   0 100.00  81.00   0.00      -  0.000
 217   244 158 1802 933   0    0   0   0   0   4   0  99.82  70.26   0.00      -  0.000
 219  2087  64   1 511   0    0   0   0   2   0   0  99.91  80.81   0.00      -  0.000
 220  2041   0   0 358   0    0   0   0   7   0   0  99.66  85.08      -      -  0.000
 221  2031 388   0 593   0    0   0   0   0   8   0  99.67  80.31   0.00      -  0.000
 222  2406   0   0 413   0    0   0   0  77   0   0  96.90  85.35      -      -  0.000
 223  2118 468  14 660   0    0   0   0   0   5   0  99.81  79.75   0.00      -  0.000
 228  1686 361   0 831   0    0   0   0   5   1   0  99.71  71.13   0.00      -  0.000
 230  2254   1   0 545   0    0   0   0   1   0   0  99.96  80.54   0.00      -  0.000
 231  1568   2   0 254   0    0   0   0   1   0   0  99.94  86.07   0.00      -  0.000
 232  1779   0   0 335   0    0   0   0   1   0   0  99.94  84.15      -      -  0.000
 233  2189 825  11 917   0    0   0   0  48   6   0  98.25  76.74   0.00      -  0.000
 234  2748   0   0 569   0    0   0   0   2   3   0  99.82  82.85   0.00      -  0.000
 100  2269   1   0 418   0    0   0   0   3   0   0  99.87  84.45   0.00      -  0.000
 101  1856   0   2 331   0    0   0   0   7   0   0  99.62  84.88      -      -  0.000
 102    97   4 2084 335   0    0   0   0   2   0   0  99.91  86.71   0.00      -  0.000
 103  2084   0   0 394   0    0   0   0   0   0   0 100.00  84.10      -      -  0.000
 104   163   2 2060 528   0    0   0   0   0   0   4  99.82  80.82   0.00      -  0.000
 105  2522  41   5 881   0    0   0   0   4   0   0  99.84  74.46   0.00      -  0.000
 106  1506 492   0 398   0    0   0   0   1  28   0  98.57  83.39   0.00      -  0.000
 107     0  57 2077 1102   0    0   0   0   0   2   1  99.86  65.95   0.00      -  0.000
 108  1740  17   2 1743   0    0   0   0   4   0   0  99.77  50.23   0.00      -  0.000
 109  2491  37   2 947   0    0   0   0   1   1   0  99.92  72.76   0.00      -  0.000
 111  2122   1   0 780   0    0   0   0   1   0   0  99.95  73.13   0.00      -  0.000
 112  2539   0   0 608   0    0   0   0   0   0   0 100.00  80.68      -      -  0.000
 113  1794   0   0 333   0    0   0   0   1   0   0  99.94  84.34      -      -  0.000
 114  1832  43   4 413   0    0   0   0   0   0   0 100.00  81.98   0.00      -  0.000
 115  1952   0   0 386   0    0   0   0   1   0   0  99.95  83.49      -      -  0.000
 116  2283 108   0 540   0    0   0   0  20   1   0  99.13  81.58   0.00      -  0.000
 117  1534   0   0 360   0    0   0   0   1   0   0  99.93  80.99      -      -  0.000
 118  2241  15   0 519   0    0   0   0  21   1   0  99.03  81.30   0.00      -  0.000
 119  1543 444   0 504   0    0   0   0   0   0   0 100.00  79.77   0.00      -  0.000
 121  1861   1   0 694   0    0   0   0   1   0   0  99.95  72.85   0.00      -  0.000
 122  2468   0   0 729   0    0   0   0   8   0   0  99.68  77.20      -      -  0.000
 123  1513   0   0 302   0    0   0   0   2   3   0  99.67  83.36   0.00      -  0.000
 124  1567  47   5 520   0    0   0   0   0   0   0 100.00  75.69   0.00      -  0.000
 200  1771 826   1 929   0    0   0   0   2   0   1  99.88  73.66   0.00      -  0.000
 201  1728 198   2 446   0    0   0   0  35   0   0  98.22  81.21   0.00      -  0.000
 202  2116  18   1 533   0    0   0   0   0   1   0  99.95  80.02   0.00      -  0.000
 203  2520 440   2 1274   0    0   0   0  11   4   3  99.40  69.92   0.00      -  0.000
 205  2572  70  10 504   0    0   0   0   2   1   1  99.85  84.03   0.00      -  0.000
 207  1647 192   0 854   0    0   0   0   3  18   0  98.87  68.29   0.00      -  0.000
 208  1556 954 367 589   0    0   0   0  32  38   8  97.36  83.01   0.00      -  0.000
 209  3004   1   0 590   0    0   0   0   0   0   0 100.00  83.59   0.00      -  0.000
 210  2435 188  10 772   0    0   0   0  10   7   0  99.36  77.33   0.00      -  0.000
 212  2747   0   0 550   0    0   0   0   1   0   0  99.96  83.32      -      -  0.000
 213  2666 219 362 771   0    0   0   0   3   1   0  99.88  80.81   0.00      -  0.000
 214  1909 252   3 590   0    0   0   0  94   4   0  95.67  78.58   0.00      -  0.000
 215  3198 164   1 789   0    0   0   0   0   0   0 100.00  81.00   0.00      -  0.000
 217   244 158 1802 933   0    0   0   0   0   4   0  99.82  70.26   0.00      -  0.000
 219  2087  64   1 511   0    0   0   0   2   0   0  99.91  80.81   0.00      -  0.000
 220  2041   0   0 358   0    0   0   0   7   0   0  99.66  85.08      -      -  0.000
 221  2031 388   0 593   0    0   0   0   0   8   0  99.67  80.31   0.00      -  0.000
 222  2406   0   0 413   0    0   0   0  77   0   0  96.90  85.35      -      -  0.000
 223  2118 468  14 660   0    0   0   0   0   5   0  99.81  79.75   0.00      -  0.000
 228  1686 361   0 831   0    0   0   0   5   1   0  99.71  71.13   0.00      -  0.000
 230  2254   1   0 545   0    0   0   0   1   0   0  99.96  80.54   0.00      -  0.000
 231  1568   2   0 254   0    0   0   0   1   0   0  99.94  86.07   0.00      -  0.000
 232  1779   0   0 335   0    0   0   0   1   0   0  99.94  84.15      -      -  0.000
 233  2189 825  11 917   0    0   0   0  48   6   0  98.25  76.74   0.00      -  0.000
 234  2748   0   0 569   0    0   0   0   2   3   0  99.82  82.85   0.00      -  0.000
 100  2269   1   0 418   0    0   0   0   3   0   0  99.87  84.45   0.00      -  0.000
 101  1856   0   2 331   0    0   0   0   7   0   0  99.62  84.88      -      -  0.000
 102    97   4 2084 335   0    0   0   0   2   0   0  99.91  86.71   0.00      -  0.000
 103  2084   0   0 394   0    0   0   0   0   0   0 100.00  84.10      -      -  0.000
 104   163   2 2060 528   0    0   0   0   0   0   4  99.82  80.82   0.00      -  0.000
 105  2522  41   5 881   0    0   0   0   4   0   0  99.84  74.46   0.00      -  0.000
 106  1506 492   0 398   0    0   0   0   1  28   0  98.57  83.39   0.00      -  0.000
 107     0  57 2077 1102   0    0   0   0   0   2   1  99.86  65.95   0.00      -  0.000
 108  1740  17   2 1743   0    0   0   0   4   0   0  99.77  50.23   0.00      -  0.000
 109  2491  37   2 947   0    0   0   0   1   1   0  99.92  72.76   0.00      -  0.000
 111  2122   1   0 780   0    0   0   0   1   0   0  99.95  73.13   0.00      -  0.000
 112  2539   0   0 608   0    0   0   0   0   0   0 100.00  80.68      -      -  0.000
 113  1794   0   0 333   0    0   0   0   1   0   0  99.94  84.34      -      -  0.000
 114  1832  43   4 413   0    0   0   0   0   0   0 100.00  81.98   0.00      -  0.000
 115  1952   0   0 386   0    0   0   0   1   0   0  99.95  83.49      -      -  0.000
 116  2283 108   0 540   0    0   0   0  20   1   0  99.13  81.58   0.00      -  0.000
 117  1534   0   0 360   0    0   0   0   1   0   0  99.93  80.99      -      -  0.000
 118  2241  15   0 519   0    0   0   0  21   1   0  99.03  81.30   0.00      -  0.000
 119  1543 444   0 504   0    0   0   0   0   0   0 100.00  79.77   0.00      -  0.000
 121  1861   1   0 694   0    0   0   0   1   0   0  99.95  72.85   0.00      -  0.000
 122  2468   0   0 729   0    0   0   0   8   0   0  99.68  77.20      -      -  0.000
 123  1513   0   0 302   0    0   0   0   2   3   0  99.67  83.36   0.00      -  0.000
 124  1567  47   5 520   0    0   0   0   0   0   0 100.00  75.69   0.00      -  0.000
 200  1771 826   1 929   0    0   0   0   2   0   1  99.88  73.66   0.00      -  0.000
 201  1728 198   2 446   0    0   0   0  35   0   0  98.22  81.21   0.00      -  0.000
 202  2116  18   1 533   0    0   0   0   0   1   0  99.95  80.02   0.00      -  0.000
 203  2520 440   2 1274   0    0   0   0  11   4   3  99.40  69.92   0.00      -  0.000
 205  2572  70  10 504   0    0   0   0   2   1   1  99.85  84.03   0.00      -  0.000
 207  1647 192   0 854   0    0   0   0   3  18   0  98.87  68.29   0.00      -  0.000
 208  1556 954 367 589   0    0   0   0  32  38   8  97.36  83.01   0.00      -  0.000
 209  3004   1   0 590   0    0   0   0   0   0   0 100.00  83.59   0.00      -  0.000
 210  2435 188  10 772   0    0   0   0  10   7   0  99.36  77.33   0.00      -  0.000
 212  2747   0   0 550   0    0   0   0   1   0   0  99.96  83.32      -      -  0.000
 213  2666 219 362 771   0    0   0   0   3   1   0  99.88  80.81   0.00      -  0.000
 214  1909 252   3 590   0    0   0   0  94   4   0  95.67  78.58   0.00      -  0.000
 215  3198 164   1 789   0    0   0   0   0   0   0 100.00  81.00   0.00      -  0.000
 217   244 158 1802 933   0    0   0   0   0   4   0  99.82  70.26   0.00      -  0.000
 219  2087  64   1 511   0    0   0   0   2   0   0  99.91  80.81   0.00      -  0.000
 220  2041   0   0 358   0    0   0   0   7   0   0  99.66  85.08      -      -  0.000
 221  2031 388   0 593   0    0   0   0   0   8   0  99.67  80.31   0.00      -  0.000
 222  2406   0   0 413   0    0   0   0  77   0   0  96.90  85.35      -      -  0.000
 223  2118 468  14 660   0    0   0   0   0   5   0  99.81  79.75   0.00      -  0.000
 228  1686 361   0 831   0    0   0   0   5   1   0  99.71  71.13   0.00      -  0.000
 230  2254   1   0 545   0    0   0   0   1   0   0  99.96  80.54   0.00      -  0.000
 231  1568   2   0 254   0    0   0   0   1   0   0  99.94  86.07   0.00      -  0.000
 232  1779   0   0 335   0    0   0   0   1   0   0  99.94  84.15      -      -  0.000
 233  2189 825  11 917   0    0   0   0  48   6   0  98.25  76.74   0.00      -  0.000
 234  2748   0   0 569   0    0   0   0   2   3   0  99.82  82.85   0.00      -  0.000
______________________________________________________________________________________
Sum  650026 49328 61766 187550   0    0   0   0 3858 1324 156
Gross                                                   99.30  80.23   0.00      -  0.000
Average                                                 99.35  80.56   0.00      -  0.000
Total QRS complexes: 766458  Total VEBs: 50652

Summary of results from 336 records
